
Particle Swarm Parallelization Test

1 3000 .08141688060000000000
1 4000 .11313493650000000000
1 5000 .12605122300000000000
1 6000 .15379958200000000000
1 7000 .18256286720000000000
2 3000 .06584086850000000000
2 4000 .08970135660000000000
2 5000 .11010772020000000000
2 6000 .13301927590000000000
2 7000 .15298627020000000000
3 3000 .12424189960000000000
3 4000 .14610116570000000000
3 5000 .14948985650000000000
3 6000 .18415371380000000000
3 7000 .22426678050000000000
4 3000 3.39841449990000000000
4 4000 4.47783542400000000000
4 5000 5.65464135220000000000
4 6000 4.02400746660000000000
4 7000 3.81878976550000000000
