
Particle Swarm Parallelization Test

1 3000 .07415325250000000000
1 4000 .10197177890000000000
1 5000 .13280599450000000000
1 6000 .15364723500000000000
1 7000 .17936796980000000000
2 3000 .06537869350000000000
2 4000 .08644169550000000000
2 5000 .10462951120000000000
2 6000 .12736705730000000000
2 7000 .14502014560000000000
3 3000 .11437680760000000000
3 4000 .13331354660000000000
3 5000 .15283621890000000000
3 6000 .18166940060000000000
3 7000 .20232447050000000000
4 3000 3.41574936310000000000
4 4000 4.39326086020000000000
4 5000 5.48974162790000000000
4 6000 3.88251433370000000000
4 7000 3.76580675210000000000
