
Particle Swarm Parallelization Test

1 3000 .08319435300000000000
1 4000 .09571755190000000000
1 5000 .14033366040000000000
1 6000 .15278603640000000000
1 7000 .19219689910000000000
2 3000 .06998850820000000000
2 4000 .09062309400000000000
2 5000 .11649741980000000000
2 6000 .12761216850000000000
2 7000 .14949979630000000000
3 3000 .11263545240000000000
3 4000 .13593875800000000000
3 5000 .14984351150000000000
3 6000 .17770282440000000000
3 7000 .19788578470000000000
4 3000 3.40614295840000000000
4 4000 4.44865381110000000000
4 5000 5.37566915990000000000
4 6000 3.74130236000000000000
4 7000 3.65385971180000000000
