
Particle Swarm Parallelization Test

3000 4 .33041738420000000000
3000 8 .65395359250000000000
3000 12 .69837565580000000000
3000 16 .75994277600000000000
4000 4 .45065640160000000000
4000 8 .89280569560000000000
4000 12 .85161006660000000000
4000 16 1.16594187340000000000
5000 4 .83137511100000000000
5000 8 .77820720130000000000
5000 12 1.93904126500000000000
5000 16 1.25699183930000000000
6000 4 .47600627390000000000
6000 8 .87266580650000000000
6000 12 .73154102180000000000
6000 16 1.31311697570000000000
7000 4 .64949781270000000000
7000 8 1.10993541050000000000
7000 12 1.21121953850000000000
7000 16 1.27504076480000000000
