
Particle Swarm Parallelization Test

1 3000 .07730303880000000000
1 4000 .09102275350000000000
1 5000 .12036815310000000000
1 6000 .14603888430000000000
1 7000 .18236182280000000000
2 3000 .06187429180000000000
2 4000 .08198109250000000000
2 5000 .10378527590000000000
2 6000 .12327510180000000000
2 7000 .14330879160000000000
3 3000 .09306287080000000000
3 4000 .09504851700000000000
3 5000 .12893692750000000000
3 6000 .15162423230000000000
3 7000 .16241029960000000000
4 3000 .75154161580000000000
4 4000 .94574695240000000000
4 5000 .85998442490000000000
4 6000 .90623515410000000000
4 7000 1.38235621230000000000
