
Particle Swarm Parallelization Test

1 3000 .07244597250000000000
1 4000 .09809527980000000000
1 5000 .13285309800000000000
1 6000 .14665812970000000000
1 7000 .18817189600000000000
2 3000 .06530381150000000000
2 4000 .08375186830000000000
2 5000 .10780821540000000000
2 6000 .13153952670000000000
2 7000 .15154783510000000000
3 3000 .09306290150000000000
3 4000 .11404858130000000000
3 5000 .13253128010000000000
3 6000 .14901435480000000000
3 7000 .17843374550000000000
4 3000 .55943292280000000000
4 4000 1.01586131120000000000
4 5000 .69029801390000000000
4 6000 1.29004160860000000000
4 7000 1.37821920030000000000
