
Particle Swarm Parallelization Test

1 3000 .06502077510000000000
1 4000 .09657481540000000000
1 5000 .12256594070000000000
1 6000 .14806268900000000000
1 7000 .17216090740000000000
2 3000 .06141274320000000000
2 4000 .07844684820000000000
2 5000 .09866974120000000000
2 6000 .12207925160000000000
2 7000 .14417441640000000000
3 3000 .09062536730000000000
3 4000 .10850041850000000000
3 5000 .12777443820000000000
3 6000 .14489563990000000000
3 7000 .17062382780000000000
4 3000 .81282255530000000000
4 4000 1.30397265320000000000
4 5000 .81519873770000000000
4 6000 1.16769088050000000000
4 7000 1.29428838580000000000
