
Particle Swarm Parallelization Test

1 3000 .06885254210000000000
1 4000 .10016181290000000000
1 5000 .11794087580000000000
1 6000 .15651323990000000000
1 7000 .17153866130000000000
2 3000 .05923827150000000000
2 4000 .08401791150000000000
2 5000 .10557372500000000000
2 6000 .12248626430000000000
2 7000 .14497169270000000000
3 3000 .09092632780000000000
3 4000 .10401591270000000000
3 5000 .12419643940000000000
3 6000 .14913761930000000000
3 7000 .16852451940000000000
4 3000 .53377665190000000000
4 4000 1.04549593940000000000
4 5000 .86455067630000000000
4 6000 1.77540871300000000000
4 7000 .90280805290000000000
