
Particle Swarm Parallelization Test

1 3000 .07298369360000000000
1 4000 .09706476680000000000
1 5000 .13214874880000000000
1 6000 .16430531140000000000
1 7000 .16639081840000000000
2 3000 .06144065870000000000
2 4000 .08708322980000000000
2 5000 .11065283670000000000
2 6000 .13223428350000000000
2 7000 .15247075050000000000
3 3000 .08749722380000000000
3 4000 .11622353660000000000
3 5000 .13587127880000000000
3 6000 .15269473290000000000
3 7000 .17728184550000000000
4 3000 .73461767130000000000
4 4000 1.03971197750000000000
4 5000 .71066957470000000000
4 6000 1.22860511330000000000
4 7000 1.67449458090000000000
