
Particle Swarm Parallelization Test

1 3000 .07439126840000000000
1 4000 .09870002480000000000
1 5000 .12728147530000000000
1 6000 .14624154910000000000
1 7000 .17911580090000000000
2 3000 .06162964230000000000
2 4000 .08428921230000000000
2 5000 .10009503550000000000
2 6000 .12487884460000000000
2 7000 .14272960310000000000
3 3000 .09329532710000000000
3 4000 .10280716010000000000
3 5000 .12131181000000000000
3 6000 .15064377980000000000
3 7000 .17092477640000000000
4 3000 .54727921030000000000
4 4000 .67976159380000000000
4 5000 .92425435800000000000
4 6000 1.24709045940000000000
4 7000 1.06340250050000000000
