
Particle Swarm Parallelization Test

1 3000 .06949082540000000000
1 4000 .09473926850000000000
1 5000 .12186670040000000000
1 6000 .15672747790000000000
1 7000 .18393184590000000000
2 3000 .06051257660000000000
2 4000 .08836170880000000000
2 5000 .10828272180000000000
2 6000 .12735783960000000000
2 7000 .15082716200000000000
3 3000 .11118541490000000000
3 4000 .11410775720000000000
3 5000 .12909798460000000000
3 6000 .14881792870000000000
3 7000 .17856405280000000000
4 3000 .69317509210000000000
4 4000 .72903576570000000000
4 5000 .69915316780000000000
4 6000 1.20229987180000000000
4 7000 1.32358950090000000000
